Simulation parameters:
reduced_particles_number:4000.0
model_type:spherical
Fitted parameters:
rho1:-3.387136459516587e-05
rho2:0.03389671977759232
R_eq:37.22899870907881
zi_c:9.244210981996149
zi_0:6.265045941194059
t1:-4.384696208816467
t2:0.07378719793487698


Contact angle:94.58987060394456